1 0.712871 0.672230 0.137080 0.145368 0.000000 -0.000000 0.000000 1 images/00000.png
111.4 118.7 1 149.6 50.3 2 215.6 115.6 3 66.7 114.8 4 135.3 28.6 5 56.3 111.8 6 86.3 67.8 7 112.0 94.6 8 167.5 104.2 9 114.8 90.4 10 154.0 108.3 11 214.9 27.6 12 81.6 119.0 13 125.9 110.6 14 204.4 113.4 15 90.9 42.8 16
2 0.712871 0.672230 0.137080 0.145368 0.000000 -0.000000 0.000000 1 images/00001.png
203.6 69.3 1 40.6 35.4 2 137.0 61.4 3 145.3 113.5 4 204.7 29.6 5 58.2 36.2 6 57.5 82.3 7 186.4 31.6 8 189.3 22.1 9 40.0 77.7 10 103.1 69.9 11 145.2 21.2 12 213.5 63.1 13 192.4 88.8 14 156.9 32.8 15 51.9 92.1 16
3 0.712871 0.672230 0.137080 0.145368 0.000000 -0.000000 0.000000 1 images/00002.png
153.9 38.7 1 114.7 91.1 2 79.3 123.8 3 213.1 97.5 4 185.7 55.7 5 142.3 82.2 6 181.6 86.1 7 105.6 113.9 8 92.5 70.4 9 120.9 94.4 10 202.0 65.3 11 171.2 34.1 12 163.8 82.5 13 64.2 78.1 14 81.4 66.0 15 140.3 86.4 16
4 0.712871 0.672230 0.137080 0.145368 0.000000 -0.000000 0.000000 1 images/00003.png
178.5 83.2 1 164.4 35.7 2 44.7 64.4 3 131.5 69.1 4 200.7 102.6 5 68.6 61.2 6 210.2 77.3 7 132.7 64.6 8 99.0 60.7 9 100.7 47.7 10 176.6 55.6 11 197.7 112.3 12 201.2 85.1 13 115.5 67.5 14 74.9 41.7 15 206.3 32.4 16
5 0.712871 0.672230 0.137080 0.145368 0.000000 -0.000000 0.000000 1 images/00004.png
166.3 97.5 1 192.2 71.9 2 50.0 67.8 3 88.6 61.0 4 75.5 54.8 5 203.1 65.3 6 55.6 84.3 7 87.2 44.6 8 171.9 35.8 9 211.2 101.9 10 48.6 77.6 11 72.2 68.0 12 40.0 40.5 13 168.8 71.3 14 135.9 86.8 15 45.6 27.6 16
6 0.712871 0.672230 0.137080 0.145368 0.000000 -0.000000 0.000000 1 images/00005.png
154.4 92.3 1 87.7 109.6 2 207.6 91.9 3 96.7 65.2 4 154.7 89.9 5 121.2 113.0 6 197.2 111.2 7 187.4 99.6 8 135.8 48.2 9 124.2 83.1 10 81.7 60.0 11 74.8 29.5 12 49.9 48.1 13 63.8 114.1 14 143.4 118.8 15 195.8 23.4 16
7 0.712871 0.672230 0.137080 0.145368 0.000000 -0.000000 0.000000 1 images/00006.png
185.4 59.5 1 54.3 45.3 2 56.5 123.8 3 119.1 123.4 4 168.9 120.6 5 76.2 83.6 6 184.7 59.6 7 133.6 56.1 8 42.9 92.5 9 86.8 103.2 10 80.9 33.7 11 126.5 105.5 12 168.0 78.8 13 175.0 25.4 14 164.2 53.6 15 167.3 82.7 16
8 0.712871 0.672230 0.137080 0.145368 0.000000 -0.000000 0.000000 1 images/00007.png
172.3 99.8 1 97.0 58.6 2 79.2 107.5 3 109.7 74.7 4 128.3 30.5 5 204.8 57.4 6 55.7 93.5 7 101.8 37.6 8 75.5 74.4 9 58.8 118.2 10 47.5 104.4 11 111.9 32.9 12 89.9 99.8 13 206.9 56.1 14 146.1 76.5 15 122.1 123.7 16
9 0.712871 0.672230 0.137080 0.145368 0.000000 -0.000000 0.000000 1 images/00008.png
171.5 25.4 1 44.2 74.6 2 179.8 84.4 3 60.0 84.0 4 129.8 45.1 5 105.2 72.8 6 157.7 120.2 7 141.4 80.2 8 190.2 87.2 9 161.9 72.6 10 67.8 20.9 11 197.2 102.0 12 73.7 33.2 13 75.7 104.5 14 91.7 63.4 15 159.7 42.3 16
10 0.712871 0.672230 0.137080 0.145368 0.000000 -0.000000 0.000000 1 images/00009.png
54.7 20.8 1 58.6 47.3 2 97.7 91.4 3 175.2 123.3 4 95.7 69.9 5 62.0 74.1 6 210.6 48.8 7 99.2 66.9 8 148.6 62.8 9 92.2 116.0 10 205.9 74.7 11 87.9 28.8 12 181.9 71.7 13 68.1 39.5 14 44.0 40.4 15 214.8 24.2 16
11 0.712871 0.672230 0.137080 0.145368 0.000000 -0.000000 0.000000 1 images/00010.png
163.8 58.4 1 149.1 71.8 2 75.3 109.5 3 71.5 120.5 4 94.7 69.3 5 43.2 81.4 6 127.2 45.5 7 50.3 52.8 8 211.1 89.2 9 131.4 30.7 10 111.7 95.6 11 81.7 53.8 12 183.0 93.7 13 127.6 116.9 14 42.4 31.5 15 120.0 60.2 16
12 0.712871 0.672230 0.137080 0.145368 0.000000 -0.000000 0.000000 1 images/00011.png
113.5 60.6 1 75.5 46.2 2 169.9 43.9 3 46.8 52.9 4 40.7 104.6 5 167.3 51.8 6 156.6 64.0 7 213.9 39.7 8 167.9 92.0 9 134.1 59.1 10 140.6 88.4 11 121.0 33.9 12 171.5 25.6 13 158.9 116.7 14 200.1 56.0 15 46.7 56.5 16
13 0.712871 0.672230 0.137080 0.145368 0.000000 -0.000000 0.000000 1 images/00012.png
173.6 94.1 1 45.0 76.2 2 201.3 115.4 3 162.0 98.9 4 88.7 43.1 5 67.5 114.4 6 195.9 96.9 7 78.2 66.7 8 105.0 57.7 9 157.9 39.5 10 152.7 53.2 11 209.0 56.8 12 86.2 29.9 13 42.2 75.7 14 181.1 55.9 15 111.5 105.4 16
14 0.712871 0.672230 0.137080 0.145368 0.000000 -0.000000 0.000000 1 images/00013.png
199.5 22.6 1 153.1 69.6 2 102.4 108.5 3 89.6 97.6 4 51.2 90.9 5 194.3 113.0 6 172.5 105.2 7 42.6 106.1 8 130.2 38.4 9 134.4 53.2 10 93.9 90.2 11 201.3 64.1 12 166.2 122.8 13 124.0 118.0 14 147.0 54.9 15 200.2 56.6 16
15 0.712871 0.672230 0.137080 0.145368 0.000000 -0.000000 0.000000 1 images/00014.png
128.5 50.1 1 122.2 107.8 2 164.5 91.4 3 69.9 37.7 4 199.5 77.6 5 167.8 82.8 6 70.3 93.4 7 124.5 70.6 8 133.7 60.9 9 129.4 35.9 10 119.0 57.0 11 144.7 20.6 12 195.9 70.3 13 137.5 58.7 14 86.6 66.7 15 109.5 111.4 16
16 0.712871 0.672230 0.137080 0.145368 0.000000 -0.000000 0.000000 1 images/00015.png
53.7 101.6 1 45.0 47.2 2 142.9 77.7 3 212.9 48.0 4 130.8 28.5 5 196.1 118.6 6 206.7 64.4 7 192.9 30.1 8 75.7 42.3 9 89.4 21.0 10 185.0 86.6 11 119.3 120.1 12 62.9 74.4 13 161.6 63.3 14 41.0 99.1 15 118.3 84.3 16
17 0.712871 0.672230 0.137080 0.145368 0.000000 -0.000000 0.000000 1 images/00016.png
109.1 106.5 1 69.1 119.9 2 61.1 85.0 3 116.1 95.8 4 115.3 48.9 5 80.6 76.8 6 115.7 20.9 7 194.0 21.6 8 117.7 37.1 9 205.2 29.8 10 114.8 22.9 11 51.9 85.1 12 186.3 52.0 13 191.3 112.7 14 101.8 51.6 15 92.7 123.5 16
18 0.712871 0.672230 0.137080 0.145368 0.000000 -0.000000 0.000000 1 images/00017.png
214.7 58.1 1 174.1 56.7 2 105.2 109.8 3 96.8 113.7 4 101.1 118.5 5 51.6 63.0 6 123.1 25.2 7 94.4 43.8 8 90.2 23.2 9 93.9 78.9 10 137.9 90.4 11 45.2 60.2 12 147.1 117.5 13 56.3 42.0 14 168.4 21.5 15 155.9 89.7 16
19 0.712871 0.672230 0.137080 0.145368 0.000000 -0.000000 0.000000 1 images/00018.png
173.3 90.4 1 170.9 45.8 2 135.2 117.7 3 64.0 28.9 4 40.8 106.0 5 199.4 107.9 6 128.4 103.1 7 47.0 100.2 8 100.5 118.2 9 168.1 27.5 10 67.6 123.7 11 157.9 109.0 12 45.7 47.1 13 113.7 93.1 14 60.5 116.1 15 160.4 92.0 16
20 0.712871 0.672230 0.137080 0.145368 0.000000 -0.000000 0.000000 1 images/00019.png
162.2 21.2 1 94.9 100.8 2 41.4 105.3 3 56.5 121.3 4 52.8 47.2 5 57.1 56.2 6 42.0 85.0 7 192.0 107.0 8 76.6 99.2 9 202.8 63.5 10 43.5 72.2 11 178.6 94.5 12 141.7 117.0 13 141.7 34.8 14 108.0 94.9 15 196.4 101.4 16
21 0.712871 0.672230 0.137080 0.145368 0.000000 -0.000000 0.000000 1 images/00020.png
165.2 66.2 1 189.9 88.2 2 177.8 70.6 3 90.6 59.1 4 145.8 89.2 5 160.8 24.9 6 209.1 85.8 7 202.9 84.3 8 213.1 27.7 9 206.0 95.9 10 130.7 58.7 11 143.0 109.8 12 111.7 79.2 13 174.0 41.2 14 145.9 74.0 15 162.0 56.3 16
22 0.712871 0.672230 0.137080 0.145368 0.000000 -0.000000 0.000000 1 images/00021.png
71.1 112.6 1 151.6 89.8 2 162.6 97.9 3 103.6 82.9 4 206.6 79.7 5 46.2 50.6 6 98.4 61.9 7 193.4 61.2 8 79.7 27.0 9 113.5 33.5 10 96.8 84.1 11 181.1 79.6 12 128.9 116.3 13 43.0 83.7 14 182.7 41.5 15 42.4 82.1 16
23 0.712871 0.672230 0.137080 0.145368 0.000000 -0.000000 0.000000 1 images/00022.png
64.2 93.6 1 116.1 52.4 2 98.5 43.0 3 67.8 75.1 4 180.7 96.1 5 121.1 72.3 6 113.8 78.7 7 190.5 46.9 8 187.0 99.8 9 165.4 113.0 10 120.0 47.7 11 154.4 121.1 12 55.6 89.3 13 91.6 121.7 14 77.7 104.5 15 118.4 41.6 16
24 0.712871 0.672230 0.137080 0.145368 0.000000 -0.000000 0.000000 1 images/00023.png
115.7 113.4 1 214.6 100.7 2 152.1 49.7 3 114.9 110.1 4 74.9 95.7 5 65.9 112.4 6 108.8 112.2 7 200.0 59.7 8 46.9 44.7 9 151.0 31.9 10 133.0 32.2 11 151.8 48.3 12 174.0 116.3 13 161.8 33.8 14 116.5 31.7 15 196.8 54.5 16
25 0.712871 0.672230 0.137080 0.145368 0.000000 -0.000000 0.000000 1 images/00024.png
114.5 112.9 1 142.9 97.3 2 57.7 45.1 3 209.2 43.4 4 55.6 112.5 5 60.8 89.4 6 181.2 82.8 7 65.3 99.1 8 91.4 87.8 9 172.4 82.9 10 142.0 84.6 11 159.0 86.5 12 151.1 104.5 13 207.6 70.8 14 212.9 24.8 15 78.6 50.3 16
26 0.712871 0.672230 0.137080 0.145368 0.000000 -0.000000 0.000000 1 images/00025.png
122.0 89.7 1 118.1 81.7 2 171.5 60.6 3 44.3 67.7 4 133.1 53.3 5 180.4 87.1 6 193.3 35.6 7 64.3 48.0 8 85.7 56.0 9 199.0 65.8 10 71.8 123.2 11 190.8 59.4 12 135.7 42.5 13 158.6 79.1 14 113.1 66.0 15 177.7 41.7 16
27 0.712871 0.672230 0.137080 0.145368 0.000000 -0.000000 0.000000 1 images/00026.png
52.5 47.0 1 75.9 89.7 2 67.0 49.8 3 56.1 77.2 4 141.0 94.9 5 170.1 98.1 6 74.7 82.2 7 122.1 59.1 8 169.5 84.8 9 110.8 68.2 10 205.5 86.3 11 120.9 55.1 12 155.6 111.2 13 73.0 77.6 14 85.6 104.2 15 152.9 31.0 16
28 0.712871 0.672230 0.137080 0.145368 0.000000 -0.000000 0.000000 1 images/00027.png
79.3 111.3 1 119.2 99.4 2 195.1 103.2 3 172.4 44.3 4 93.2 91.9 5 101.7 62.2 6 41.7 106.4 7 163.2 82.6 8 66.9 97.3 9 213.7 48.3 10 62.7 34.9 11 215.8 117.4 12 56.5 52.9 13 82.7 77.1 14 165.5 49.2 15 150.0 75.4 16
29 0.712871 0.672230 0.137080 0.145368 0.000000 -0.000000 0.000000 1 images/00028.png
56.9 95.6 1 167.0 89.6 2 157.8 50.7 3 76.2 97.6 4 78.8 43.1 5 183.1 20.9 6 200.8 68.1 7 215.9 117.5 8 128.1 109.8 9 187.8 122.2 10 101.8 99.2 11 61.3 105.4 12 57.7 25.6 13 176.2 120.6 14 114.5 37.3 15 204.5 120.7 16
30 0.712871 0.672230 0.137080 0.145368 0.000000 -0.000000 0.000000 1 images/00029.png
179.3 45.8 1 144.4 122.0 2 74.7 86.1 3 125.4 102.3 4 74.5 45.4 5 119.7 35.5 6 47.1 41.2 7 192.0 107.1 8 182.8 89.3 9 157.4 83.1 10 65.2 78.4 11 92.3 78.3 12 203.0 69.2 13 189.8 46.9 14 54.4 38.0 15 142.2 33.7 16
