1 0.026880 0.017659 -0.276314 200 200 200 1.0
2 -0.218325 0.108446 0.164411 200 200 200 1.0
3 0.050221 -0.198398 -0.061329 200 200 200 1.0
4 0.026035 -0.107812 -0.109270 200 200 200 1.0
5 -0.235899 0.214153 0.159311 200 200 200 1.0
6 0.030531 0.069699 0.194188 200 200 200 1.0
7 -0.296764 -0.099496 -0.161030 200 200 200 1.0
8 0.133832 0.200049 -0.245816 200 200 200 1.0
9 -0.091707 -0.089573 0.276796 200 200 200 1.0
10 -0.153710 0.145695 -0.198138 200 200 200 1.0
11 -0.090218 0.066027 -0.291436 200 200 200 1.0
12 0.040688 0.268817 -0.272900 200 200 200 1.0
13 -0.241822 -0.286988 0.033841 200 200 200 1.0
14 -0.055306 -0.287069 -0.089003 200 200 200 1.0
15 -0.277425 0.204633 0.138846 200 200 200 1.0
16 -0.043507 0.276980 -0.274334 200 200 200 1.0
